0.850000
0.000000
0.000000
0.000000
1.000000
0.408000
0.730800
0.000000
0.002097
0.000000
0.000000
0.000000
0.000000
0.000000
0.000000
0.000000
0.000000
0.000000
0.000000
0.999985
1.000000
0.999987
0.992677
0.902759
0.153854
0.144241
0.999952
0.000000
0.555034
0.000000
0.000000
0.913141
0.999998
0.000000
0.850758
0.999998
0.398792
0.977458
0.638398
0.000000
1.000000
0.000000
0.000000
0.000000
0.999563
1.000000
0.173883
0.999923
0.000000
0.049095
0.000000
0.000000
0.999776
0.999361
0.000000
0.999079
0.000000
0.141277
0.612720
0.930680
0.511240
0.999817
0.371724
0.983825
0.249389
0.999832
0.173903
0.000000
0.998014
0.000000
1.000000
0.853424
0.999999
0.996769
0.992378
0.000000
0.297751
1.000000
0.623884
0.999997
0.000000
0.999998
0.999906
0.000000
0.999988
1.000000
0.000000
0.004107
0.033676
